(x, y, heading), command (optional)
(10.1, 7.46, -7.52000000000001)
(9.469999999999999, -12.34, 19.539999999999992)
(13.34, -22.33, 5.079999999999984)
(16.06, -10.659999999999998, -8.910000000000025)
(19.459999999999997, -22.869999999999997, -6.430000000000035)
(8.269999999999998, -33.519999999999996, 17.779999999999973)
(26.089999999999996, -19.139999999999993, 31.22999999999996)
(29.819999999999997, -30.109999999999992, 26.569999999999965), Clamp On
(43.72, -14.069999999999993, -1.080000000000041)
(23.75, -33.33, -13.390000000000043)
(31.06, -34.05, 3.2699999999999534)
(11.209999999999997, -23.119999999999997, 5.979999999999961), Intake On
(9.509999999999998, -32.18, 33.24999999999994)
(18.83, -46.82, 44.32999999999993)
(36.75, -34.81, 60.519999999999925), Intake On
(45.28, -49.160000000000004, 84.9799999999999)
(62.36, -42.300000000000004, 76.24999999999989)
(42.68, -50.99, 70.2299999999999)
(25.7, -42.660000000000004, 83.65999999999991)
(29.64, -61.120000000000005, 88.6699999999999)
(41.82, -68.67, 77.3599999999999)
(53.93, -52.760000000000005, 66.77999999999992)
(64.53, -70.15, 48.019999999999925)
(57.45, -66.78, 43.239999999999924)
(74.88, -76.34, 29.069999999999936)
(71.53, -58.31, 21.029999999999944)
(71.91, -60.45, 30.039999999999935)
(87.61, -53.330000000000005, 25.469999999999942)
(87.87, -45.330000000000005, 55.039999999999935), Clamp Off
(82.97, -46.620000000000005, 41.72999999999993)
(69.99, -64.09, 62.45999999999992)
(59.78999999999999, -58.92, 70.15999999999991)
(71.02999999999999, -56.410000000000004, 76.39999999999992)
(52.29999999999998, -51.910000000000004, 49.819999999999936)
(65.87999999999998, -59.43000000000001, 69.39999999999992)
(82.17999999999998, -43.45, 62.069999999999936)
(80.23999999999998, -61.230000000000004, 70.05999999999995)
(96.54999999999998, -72.52000000000001, 88.67999999999995)
(87.86999999999998, -58.46000000000001, 111.81999999999994), Clamp Off
(68.01999999999998, -46.730000000000004, 92.30999999999995), Intake On
(57.04999999999998, -52.220000000000006, 88.29999999999995), Clamp Off
(59.72999999999998, -68.99000000000001, 103.25999999999999), Intake Off
(79.12999999999998, -77.92000000000002, 116.44)
(85.10999999999999, -67.38000000000002, 86.90999999999997)
(69.26999999999998, -48.33000000000003, 111.75), Intake On
(79.07999999999998, -50.690000000000026, 105.50999999999999), Intake Off
(90.71999999999998, -67.61000000000003, 96.11000000000001)
(109.82999999999998, -74.82000000000002, 67.49000000000001)
(93.19999999999999, -67.66000000000003, 81.59000000000003)
(94.17999999999999, -53.50000000000003, 94.72000000000003)
(78.08999999999999, -47.370000000000026, 87.10000000000002), Clamp On
(76.67999999999999, -64.87000000000003, 100.80000000000001)
(57.66, -57.20000000000003, 99.43), Intake Off
(39.019999999999996, -61.17000000000003, 74.96000000000001)
(35.12, -66.34000000000003, 83.86000000000001)
(37.55, -64.28000000000003, 108.20000000000005)
(47.36, -71.63000000000002, 93.05000000000007)
(32.56, -76.99000000000002, 70.96000000000006), Clamp Off
(14.170000000000002, -68.21000000000002, 91.00000000000006)
(5.610000000000001, -87.67000000000002, 106.97000000000003)
(15.330000000000002, -95.28000000000002, 119.47000000000003)
(19.340000000000003, -87.25000000000001, 108.03000000000003)
(14.490000000000004, -92.24000000000001, 109.63)
(-3.3399999999999945, -102.42000000000002, 112.75)
(-7.449999999999995, -90.89000000000001, 97.15999999999997), Clamp On
(5.020000000000006, -83.88000000000001, 126.89999999999998)
(2.580000000000006, -73.24000000000001, 133.62), Clamp Off
(10.280000000000006, -69.65, 159.62), Clamp On
(19.130000000000006, -77.56, 148.89999999999998)
(22.140000000000008, -91.48, 120.90999999999997), Intake On
(17.83000000000001, -104.63000000000001, 93.82999999999998), Clamp Off
(4.13000000000001, -115.03000000000002, 81.13999999999999)
(19.36000000000001, -127.82000000000002, 97.53999999999996)
(29.77000000000001, -121.42000000000002, 86.60999999999996)
(12.300000000000011, -101.89000000000001, 92.42999999999995), Clamp On
(6.600000000000011, -115.38000000000001, 110.09999999999997)
(-10.519999999999989, -98.79, 114.77999999999997)
(-15.949999999999989, -104.29, 105.82999999999998)
(-13.91999999999999, -112.02000000000001, 120.44), Clamp On
(-31.07999999999999, -113.81000000000002, 137.72000000000003), Clamp On
(-43.50999999999999, -118.79000000000002, 118.21000000000004), Clamp Off
(-33.41999999999999, -135.81000000000003, 143.73000000000002), Intake On
(-50.29999999999998, -139.94000000000003, 154.5)
(-40.06999999999998, -124.33000000000003, 163.35000000000002)
(-30.26999999999998, -112.52000000000002, 147.31000000000006)
(-27.559999999999977, -110.66000000000003, 170.91000000000008)
(-27.559999999999977, -103.34000000000003, 151.91000000000008)
(-8.639999999999976, -84.47000000000003, 165.37000000000012)
(-22.679999999999975, -68.63000000000002, 161.61000000000013), Clamp On
(-36.52999999999997, -67.02000000000002, 160.06000000000012)
(-49.119999999999976, -57.270000000000024, 142.2500000000001)
(-66.63999999999997, -59.08000000000003, 145.36000000000013)
(-60.85999999999997, -66.32000000000002, 138.0300000000001)
(-52.49999999999997, -61.50000000000002, 168.0200000000001)
(-67.41999999999997, -54.130000000000024, -164.1699999999999), Clamp On
(-67.74999999999997, -65.68000000000002, 167.74000000000012), Clamp On
(-59.31999999999997, -71.56000000000002, 158.32000000000016)
(-39.41999999999997, -87.41000000000001, 177.85000000000014)
(-59.03999999999998, -80.14000000000001, -177.4899999999999)
(-40.339999999999975, -89.59000000000002, -172.62999999999988)
(-40.689999999999976, -107.91000000000003, -166.0599999999999)
(-37.589999999999975, -109.50000000000003, -144.46999999999989), Intake On
(-44.03999999999998, -126.64000000000003, -129.2699999999999), Intake On
(-36.50999999999998, -120.20000000000003, -115.9499999999999), Clamp On
(-32.56999999999998, -124.09000000000003, -97.5099999999999)
(-15.069999999999979, -141.24000000000004, -94.2499999999999)
(-21.039999999999978, -159.72000000000003, -111.7399999999999)
(-15.339999999999979, -161.88000000000002, -89.5699999999999)
(-10.789999999999978, -171.23000000000002, -71.2699999999999)
(-27.879999999999978, -158.05, -82.2299999999999)
(-25.33999999999998, -152.39000000000001, -76.87999999999991)
(-9.309999999999977, -159.68, -74.07999999999991), Clamp Off
(1.3100000000000218, -172.98000000000002, -54.219999999999914)
(10.730000000000022, -161.86, -70.34999999999991), Clamp On
(-6.149999999999977, -171.72000000000003, -91.8699999999999)
(10.960000000000022, -179.80000000000004, -67.5599999999999)
(6.410000000000022, -183.59000000000003, -47.17999999999989), Clamp On
(-8.059999999999977, -186.68000000000004, -64.83999999999989)
(6.460000000000022, -203.54000000000002, -38.77999999999989)
(18.66000000000002, -197.06000000000003, -25.449999999999875)
(8.010000000000021, -179.61000000000004, -28.639999999999873), Intake On
(25.450000000000024, -185.94000000000005, -46.53999999999988)
(40.74000000000002, -200.46000000000006, -44.899999999999864)
(40.24000000000002, -197.60000000000005, -24.56999999999988)
(34.67000000000002, -194.12000000000006, -5.519999999999868)
(51.78000000000002, -196.98000000000008, -22.27999999999986)
(56.58000000000002, -206.14000000000007, -8.319999999999851)
(68.92000000000002, -217.54000000000008, -28.649999999999864)
(60.140000000000015, -220.52000000000007, -49.29999999999987), Clamp On
(78.50000000000001, -207.34000000000006, -58.73999999999987)
(71.29000000000002, -195.59000000000006, -40.919999999999874)
(82.96000000000002, -186.20000000000005, -54.76999999999987)
(96.16000000000003, -188.61000000000004, -62.58999999999986), Intake On
(115.97000000000003, -194.71000000000004, -51.96999999999986), Intake Off
(130.05000000000004, -177.51000000000005, -49.81999999999985), Clamp Off
(128.89000000000004, -174.55000000000004, -60.70999999999985)
(135.64000000000004, -168.66000000000005, -75.35999999999986)
(140.31000000000003, -184.65000000000006, -81.91999999999986), Clamp Off
(152.68000000000004, -169.85000000000005, -66.23999999999987)
(132.92000000000004, -157.60000000000005, -68.91999999999987), Intake On
(138.60000000000005, -164.98000000000005, -53.74999999999987), Clamp Off
(127.95000000000005, -182.40000000000003, -64.05999999999987), Intake Off
(129.76000000000005, -171.49000000000004, -84.40999999999988)
(122.90000000000005, -164.59000000000003, -78.38999999999989), Clamp On
(114.46000000000005, -183.31000000000003, -60.54999999999988)
(95.64000000000004, -203.14000000000004, -86.02999999999989), Intake Off
(76.59000000000005, -212.40000000000003, -103.6799999999999), Intake On
(66.49000000000005, -212.98000000000005, -94.6799999999999)
(75.79000000000005, -195.53000000000006, -72.5999999999999)
(73.50000000000004, -200.49000000000007, -46.92999999999989)
(79.19000000000004, -210.87000000000006, -56.4099999999999), Clamp Off
(64.60000000000004, -224.67000000000007, -81.0699999999999), Clamp On
(46.16000000000004, -242.60000000000008, -91.91999999999989)
(40.62000000000004, -231.77000000000007, -103.97999999999989)
(41.11000000000004, -233.65000000000006, -113.47999999999989)
(36.420000000000044, -234.43000000000006, -101.72999999999989)
(17.230000000000043, -251.78000000000006, -82.10999999999989)
(13.670000000000043, -252.33000000000007, -74.24999999999989)
(29.020000000000042, -264.06000000000006, -56.359999999999886)
(24.170000000000044, -279.02000000000004, -36.09999999999988), Intake On
(8.050000000000043, -271.22, -55.50999999999988)
(-4.959999999999956, -290.17, -60.449999999999875)
(-8.339999999999957, -285.47, -83.86999999999988), Clamp On
(-21.769999999999957, -278.03000000000003, -86.45999999999988), Clamp Off
(-30.829999999999956, -284.31, -108.84999999999988)
(-45.049999999999955, -272.14, -91.13999999999987)
(-59.30999999999995, -273.61, -84.94999999999987)
(-40.939999999999955, -265.21000000000004, -100.38999999999987), Intake Off
(-51.88999999999996, -272.67, -75.69999999999987)
(-50.119999999999955, -254.65, -99.01999999999987)
(-64.30999999999996, -257.47, -110.28999999999986), Intake Off
(-53.13999999999996, -241.23000000000002, -99.86999999999986)
(-54.119999999999955, -221.89000000000001, -112.67999999999986)
(-46.73999999999995, -218.39000000000001, -118.37999999999987), Clamp Off
(-62.55999999999995, -236.06, -106.31999999999987)
(-43.089999999999954, -237.61, -99.56999999999987)
(-50.70999999999995, -251.53, -111.35999999999987)
(-48.45999999999995, -271.18, -99.26999999999987)
(-48.09999999999995, -282.26, -76.65999999999987)
(-42.13999999999995, -280.37, -73.79999999999987)
(-42.39999999999995, -290.35, -54.23999999999987)
(-38.809999999999945, -297.53000000000003, -65.15999999999987), Intake On
(-53.61999999999995, -293.45000000000005, -69.72999999999988)
(-50.379999999999946, -300, -47.34999999999988)
(-34.169999999999945, -291.04, -75.39999999999988)
(-27.489999999999945, -273.12, -100.48999999999988)
(-10.949999999999946, -273.33, -98.55999999999987), Intake On
(-10.209999999999946, -273.7, -93.93999999999987)
(-9.889999999999946, -277.83, -77.89999999999986), Clamp Off
(-17.799999999999947, -279.08, -60.85999999999987)
(0.7400000000000517, -286.89, -77.56999999999988)
(-13.559999999999949, -275.4, -98.43999999999988)
(4.190000000000051, -291.15, -124.99999999999989), Intake On
(-7.139999999999949, -300, -150.3599999999999)
(-26.089999999999947, -300, -167.2899999999999)
(-32.71999999999995, -300, -139.6199999999999)
(-24.74999999999995, -300, -169.6099999999999)
(-15.77999999999995, -294.62, -162.7299999999999)
(-14.54999999999995, -285.03000000000003, -138.3499999999999)
(-22.57999999999995, -274.48, -165.14999999999992)
(-25.50999999999995, -290.57, -153.8799999999999)
(-25.76999999999995, -300, -153.3799999999999)
(-25.65999999999995, -283.64, -158.64999999999992)
(-31.47999999999995, -264.24, -164.02999999999992)
(-18.71999999999995, -267.73, -150.4499999999999), Intake On
(-20.30999999999995, -252.39000000000001, -121.2899999999999)
(-9.739999999999949, -235.22000000000003, -126.1999999999999)
(-10.939999999999948, -234.71000000000004, -101.6399999999999)
(-18.769999999999946, -252.30000000000004, -93.0199999999999)
(-25.899999999999945, -266.84000000000003, -84.9099999999999)
(-10.129999999999946, -259.63000000000005, -90.7799999999999), Clamp Off
(-8.309999999999945, -255.03000000000006, -67.6999999999999), Clamp Off
(-25.259999999999945, -270.15000000000003, -63.03999999999991), Clamp On
(-31.679999999999943, -255.23000000000005, -58.03999999999991), Intake Off
(-40.349999999999945, -251.59000000000006, -33.78999999999991)
(-20.839999999999943, -241.01000000000005, -5.4399999999999125), Clamp On
(-19.529999999999944, -233.40000000000003, -6.019999999999925)
(-14.079999999999945, -236.53000000000003, -13.439999999999912)
(-18.219999999999946, -218.64000000000004, -19.509999999999906), Intake Off
(-31.329999999999945, -208.53000000000003, -16.569999999999908)
(-50.029999999999944, -211.54000000000002, 9.690000000000083)
(-65.55999999999995, -192.84000000000003, 36.37000000000009), Clamp On
(-61.29999999999995, -179.47000000000003, 62.5800000000001), Clamp On
(-58.08999999999995, -179.68000000000004, 51.12000000000009)
(-38.46999999999994, -187.06000000000003, 74.13000000000011), Clamp Off
(-35.959999999999944, -189.75000000000003, 44.32000000000011)
(-17.759999999999945, -195.38000000000002, 72.3900000000001)
(-14.729999999999945, -192.86, 61.6100000000001)
(-21.199999999999946, -208.15, 70.94000000000011), Intake Off
(-5.379999999999946, -215.82, 68.05000000000013)
(3.8200000000000536, -202.04, 73.27000000000012)
(8.120000000000054, -222.01, 80.20000000000016)
(-2.459999999999946, -227.41, 104.35000000000014)
(7.210000000000054, -214.07, 124.07000000000016), Clamp On
(-6.209999999999946, -220.35, 135.11000000000013)
(-1.699999999999946, -229.23, 161.46000000000015), Clamp On
(-18.919999999999945, -247.7, 172.22000000000014)
(-1.459999999999944, -256.32, 168.77000000000015), Intake Off
(-8.929999999999943, -267.83, -178.4599999999998), Clamp Off
(-18.29999999999994, -262.08, 160.57000000000016)
(-4.32999999999994, -244.32, 152.7800000000002)
(-20.97999999999994, -258.31, 168.0900000000002)
(-25.63999999999994, -272.0, 138.9200000000002)
(-35.139999999999944, -262.25, 132.1600000000002), Clamp On
(-49.389999999999944, -267.09, 140.4800000000002)
(-44.96999999999994, -271.71, 132.7200000000002)
(-49.61999999999994, -288.35999999999996, 152.8500000000002)
(-33.89999999999994, -291.53999999999996, 129.58000000000015)
(-27.699999999999942, -272.30999999999995, 136.4200000000002), Intake On
(-34.85999999999994, -282.75999999999993, 165.56000000000017)
(-19.589999999999943, -297.9599999999999, -174.85999999999984)
(-30.719999999999942, -300, -170.21999999999986), Intake Off
(-50.29999999999994, -285.98, 175.94000000000017), Intake On
(-62.29999999999994, -272.37, 154.33000000000015)
(-53.37999999999994, -266.91, 138.97000000000014)
(-62.29999999999994, -285.58000000000004, 120.43000000000018), Clamp Off
(-43.639999999999944, -300, 136.81000000000017), Clamp Off
(-43.53999999999994, -300, 161.57000000000016), Clamp Off
(-49.419999999999945, -299.35, -171.03999999999985)
(-45.17999999999994, -297.92, -148.87999999999985)
(-29.389999999999944, -297.83000000000004, -166.57999999999984)
(-25.339999999999943, -289.13000000000005, -167.47999999999985), Intake On
(-17.729999999999944, -300, -174.94999999999985)
(-24.169999999999945, -300, -149.99999999999986)
(-5.349999999999945, -299.62, -136.41999999999985), Intake Off
(-14.309999999999945, -290.85, -109.17999999999985), Intake On
(3.1200000000000543, -292.01000000000005, -137.42999999999984), Intake Off
(-6.339999999999947, -279.16, -154.67999999999984)
(-21.999999999999947, -271.89000000000004, -154.46999999999983), Clamp Off
(-14.819999999999947, -283.41, -150.22999999999982)
(-29.869999999999948, -284.73, -158.65999999999983)
(-23.14999999999995, -275.61, -157.98999999999984), Clamp Off
(-23.71999999999995, -259.44, -154.76999999999984), Clamp Off
(-9.03999999999995, -275.31, -135.63999999999984), Clamp On
(-28.28999999999995, -271.89, -125.86999999999985)